---
sheet_width: 210.000000mm
sheet_height: 297.000000mm
card_width: 63.000000mm
card_height: 88.000000mm
cards:
- x: 10.500000mm
  y: 10.000000mm
- x: 73.500000mm
  y: 10.000000mm
- x: 136.500000mm
  y: 10.000000mm
- x: 10.500000mm
  y: 98.000000mm
- x: 73.500000mm
  y: 98.000000mm
- x: 136.500000mm
  y: 98.000000mm
- x: 10.500000mm
  y: 186.000000mm
- x: 73.500000mm
  y: 186.000000mm
- x: 136.500000mm
  y: 186.000000mm
