---
sheet_width: 210mm
sheet_height: 297.000000mm
card_width: 65.800000mm
card_height: 76.000000mm
cards:
- x: 6.300000mm
  y: 5.000000mm
- x: 6.300000mm
  y: 81.000000mm
- x: 6.300000mm
  y: 157.000000mm
- x: 72.100000mm
  y: 43.000000mm
- x: 72.100000mm
  y: 119.000000mm
- x: 72.100000mm
  y: 195.000000mm
- x: 137.900000mm
  y: 5.000000mm
- x: 137.900000mm
  y: 81.000000mm
- x: 137.900000mm
  y: 157.000000mm
