---
sheet_width: 210.000000mm
sheet_height: 297.000000mm
card_width: 59.000000mm
card_height: 92.000000mm
cards:
- x: 16.500000mm
  y: 10.000000mm
- x: 75.500000mm
  y: 10.000000mm
- x: 134.500000mm
  y: 10.000000mm
- x: 16.500000mm
  y: 102.000000mm
- x: 75.500000mm
  y: 102.000000mm
- x: 134.500000mm
  y: 102.000000mm
- x: 16.500000mm
  y: 194.000000mm
- x: 75.500000mm
  y: 194.000000mm
- x: 134.500000mm
  y: 194.000000mm
