---
sheet_width: 210.000000mm
sheet_height: 297.000000mm
card_width: 56.000000mm
card_height: 87.000000mm
cards:
- x: 21.000000mm
  y: 10.000000mm
- x: 77.000000mm
  y: 10.000000mm
- x: 133.000000mm
  y: 10.000000mm
- x: 21.000000mm
  y: 97.000000mm
- x: 77.000000mm
  y: 97.000000mm
- x: 133.000000mm
  y: 97.000000mm
- x: 21.000000mm
  y: 184.000000mm
- x: 77.000000mm
  y: 184.000000mm
- x: 133.000000mm
  y: 184.000000mm
